750
1
28
95 97
837 872
151 721
372 670
469 912
234 528
6 51
114 979
32 162
27 44
256 481
665 789
46 982
622 770
740 795
597
31 847
67 91
40 285
169 444
20 336
331 414
12 101
438 471
119 138
80 128
105 470
8 198
64 124
350 482
49 662
607 995
204 401
108 716
188 947
339 355
99 695
30 455
137 165
866 937
808 894
664 825
251
386 637
26 129
345 409
236 930
15 582
587 960
147 226
172 344
115 153
155 475
156 758
96 262
200 371
36 273
263 330
88 271
175 270
447 524
513 571
231 244
76 341
93 134
117 991
150 160
468
55 956
573 617
161 221
492 619
370
23
437 674
817 927
185 266
653 973
376 525
10 182
835 846
157 558
242 415
146 290
496 630
405 583
65 227
408 478
183 452
403 501
90
84 195
71 280
18 861
322 327
116 394
498 620
304 324
246 552
962
54 102
609 631
248 338
168 337
2 131
424 841
163 259
297 321
214 385
199 769
0 72
118 967
291 388
368 518
47 581
66 885
705 840
249 735
57 269
579 675
109
820
69 359
133 813
410 564
578 943
37 61
241
53 218
288 765
94 454
224 250
104 484
413 562
289 553
392 853
215 407
383 476
52 190
4
85 833
243 800
676 681
353 726
87
223 796
858 957
566 683
763 774
697 871
399 612
432 545
657 710
503 993
542 544
422 873
458 934
537 996
738
152 635
82 624
771
173 818
68 307
196
436
584
318 684
126 521
832 892
591
964
605
522 744
516
113
59 494
375 585
81
450
335 715
688
48
171 595
434 759
529 797
143 373
191 915
275
144 586
334
461 625
207 474
782 862
295 751
310 517
45
206 974
669
865
654
197
703 965
306 958
365 572
511 868
11
298
19
257 443
237 881
404
238 810
179
194
467
228
466 490
38
203
130 793
139
445 928
402 534
428 661
628 891
261
814 884
936
123 636
363 806
547 643
551
348
158 977
3
387
17
79 580
855
252 382
417 911
9
618 781
187
550
125
951
570
343 929
497
230
606
13
485
596
567
107
709 717
398 999
416
180 750
728
459 961
301
272
314
34
495 577
216
390 805
510 603
465 838
487 952
253 897
629
543 659
737 752
22
775
441
418 856
615 762
701 945
671
247
255
924
395 753
89
300
393
225
836
277
254
181
546
149
532
499
723
627
849
86 589
821
660 760
449 816
313
472
366 919
100
74
14
464 568
527 794
286
78
442
940 985
70
154
483
632 824
851
106
644
309
536
598 714
354
601 668
678
747
698 920
264 916
276
427 731
713
604
480
222
514
92
260
24
761
711 798
809
921
63
505
302
367
997
588
645
35
358
233
879 903
178
279
599 898
704
174
512 932
120
638
325
946 984
103
294
548 901
785
384 633
41
433
834 910
75
616
755
184
83
860
5
652
590 634
166
296
479
50
686 773
193
994
918 968
141
29
882 953
333
430
507
600 949
7
614
176
132
112
111
423
756
563 720
209
777
148
245
210
406
446
98
140
673 801
110
43
122
508
539
258
167
799
265
823
460
784
21
857 904
202
535 980
556
923
323
39
685 876
159
121
201
724
189
666 828
509
557
707
462
217
127
696 749
457
267
692
274
62
576
229
212
315
419 651
60
239
899
533
742
205
981 990
623
397
950
889
316
736
211
287
164
311
608 988
362
142
328
867
520
177
145
768
281
56
305
77
25
602
208
852
878
829
16
73
743
364
473
360
342
284
42
411
192
292
648
702
888
706
896
303
282
456
240
268
435
677
802
575
970
278
219
741
611
235
519
232
317
352
186
299
420
788 941
429
326
283
732
504
329
347
893
626
491
319
220
745
451
803
312
136
700 909
389
349
340
778
332
523 689
453
361
33
477
559
531
381
848
502
830
594
712
431
549
391
908
554
369
486
170
746
729
812
887
374
377
346
378
320
913
400
293
489
641
992
356
933
560
213
621
500
647
561
396
448
682
613
727
463
905
439
421
357
351
694
526
939
699 883
412
425
440
719
538
640
718
725
907
663
870
687
379
493
826
488
672
658
667
650
555
540
592
679
819
708
886
811
843
822
975
506
730
308
135
850
515
569
787
691
875
754
926
649
565
734
380
530
574
807
541
942
804
827
722
978
739
779
963
680
642
863
693
656
987
690
790
610
646
766
831
792
859
772
733
839
786
864
869
931
971
58 902
593
969
844
757
791
880
922
764
955
780
639
986
842
954
655
776
748
906
845
874
890
877
767
815
925
935
938
998
917
976
854
895
944
900
972
914
959
948
966
983
989
426 783
