4922
0 0 7 0
0 1 9 1
0 2 11 2
0 3 8 3
0 4 8 4
0 5 10 5
0 6 8 6
0 7 10 7
8 0 16 0
0 8 10 8
0 9 4 10
10 1 18 1
0 11 10 11
9 3 16 3
0 12 11 12
0 13 9 13
12 2 21 2
5 9 9 10
0 14 9 14
11 4 22 4
9 6 18 6
0 15 10 15
11 5 22 5
0 16 9 16
0 17 4 18
11 7 13 9
19 0 23 1
0 19 7 19
17 3 24 3
10 10 17 10
0 20 7 20
14 7 19 8
0 21 8 21
11 11 20 11
5 17 9 18
0 22 7 22
14 9 21 9
10 13 18 13
0 23 8 23
24 0 33 0
12 12 20 12
0 24 7 24
24 1 34 1
19 6 26 6
11 14 15 15
0 25 7 25
10 16 20 16
0 26 11 26
25 2 28 4
20 7 30 7
10 17 19 17
8 19 18 19
0 27 7 27
23 5 34 5
20 8 27 8
18 10 26 10
8 20 15 20
0 28 8 28
11 18 22 18
0 29 7 29
16 14 27 14
9 21 19 21
8 22 15 22
0 30 7 30
29 2 38 2
22 9 32 9
16 15 24 15
0 31 7 31
29 3 40 3
21 11 29 11
19 13 27 13
9 23 14 24
0 32 5 33
27 6 34 6
21 12 30 12
8 25 16 25
0 34 8 34
35 0 39 1
8 27 16 27
0 35 1 40
16 20 24 20
29 8 40 8
27 10 36 10
21 16 28 16
20 17 29 17
9 28 20 28
8 29 16 29
2 35 13 35
31 7 39 7
19 19 26 19
16 22 25 22
15 23 23 23
12 26 19 26
8 30 16 30
6 32 13 32
2 36 12 36
35 4 46 4
15 24 23 24
8 31 16 31
6 33 14 33
2 37 13 37
35 5 45 5
25 15 34 15
2 38 10 38
41 0 46 1
39 2 46 2
35 6 42 6
30 11 37 11
23 18 32 18
2 39 9 39
0 41 7 41
33 9 41 9
29 13 40 13
28 14 39 14
17 25 25 25
2 40 11 40
0 42 8 42
31 12 38 12
9 34 16 34
0 43 8 43
41 3 48 3
23 21 34 21
17 27 24 27
0 44 7 44
29 16 36 16
25 20 33 20
0 45 11 45
27 19 37 19
20 26 27 26
17 29 19 31
14 32 22 32
0 46 7 46
47 0 54 0
40 7 49 7
30 17 38 17
24 23 31 23
0 47 7 47
47 1 55 1
38 10 41 11
24 24 35 24
15 33 24 33
0 48 8 48
47 2 57 2
43 6 51 6
21 28 23 31
14 35 22 35
13 36 21 36
11 38 20 38
10 39 17 39
8 41 17 41
0 49 9 49
42 8 53 8
35 15 44 15
28 22 39 22
0 50 11 50
47 4 55 4
46 5 55 5
42 9 52 9
39 12 46 12
33 18 41 18
26 25 35 25
17 34 26 34
14 37 24 37
9 42 16 42
0 51 10 51
49 3 60 3
42 10 52 10
25 27 32 27
24 28 35 28
12 40 23 40
9 43 17 43
8 44 15 44
0 52 7 52
42 11 49 11
37 16 46 16
24 29 28 30
0 53 8 53
41 13 48 13
40 14 49 14
34 20 42 20
28 26 35 26
8 46 17 46
0 54 10 54
55 0 65 0
32 23 40 23
24 31 32 31
23 32 30 32
8 47 17 47
0 55 7 55
39 17 46 17
0 56 9 56
50 7 59 7
18 39 25 39
9 48 17 48
0 57 7 57
52 6 59 6
37 21 48 21
29 29 40 29
25 33 35 33
23 35 28 36
0 58 8 58
47 12 56 12
29 30 37 30
21 38 30 38
18 41 25 41
17 42 25 42
0 59 7 59
58 2 65 2
56 4 67 4
45 15 53 15
42 18 49 18
36 24 43 24
33 27 40 27
16 44 26 44
8 52 16 52
0 60 7 60
60 1 71 1
56 5 64 5
50 11 60 11
36 25 44 25
27 34 36 34
18 43 25 43
12 49 23 49
0 61 8 61
54 8 61 8
53 9 61 9
49 13 58 13
43 19 47 20
40 22 49 22
36 26 46 26
25 37 33 37
12 50 19 50
11 51 18 51
9 53 16 53
0 62 7 62
53 10 62 10
47 16 58 16
31 32 38 32
18 45 22 46
8 55 15 55
0 63 8 63
61 3 70 3
50 14 58 14
47 17 54 17
36 28 45 28
33 31 42 31
29 35 40 35
24 40 34 40
0 64 8 64
29 36 36 36
26 39 34 39
18 47 28 47
11 54 18 54
8 57 16 57
0 65 8 65
66 0 74 0
60 6 64 7
18 48 25 48
10 56 17 56
0 66 8 66
48 19 57 19
44 23 47 24
26 41 36 41
9 58 17 58
8 59 15 59
0 67 11 67
66 2 75 2
48 20 59 20
41 27 48 27
38 30 47 30
26 42 34 42
23 45 32 45
8 60 16 60
0 68 7 68
57 12 64 12
54 15 65 15
36 33 44 33
31 38 39 38
26 43 35 43
23 46 31 46
17 52 26 52
0 69 11 69
65 5 76 5
62 8 71 8
49 21 56 21
45 25 56 25
41 29 48 29
20 50 24 51
17 53 26 53
9 61 17 61
8 62 15 62
0 70 4 71
62 9 70 9
48 23 58 23
39 32 46 32
37 34 44 34
34 37 41 37
27 44 35 44
16 55 23 55
68 4 79 4
66 6 77 6
65 7 74 7
61 11 70 11
59 13 69 13
55 17 66 17
50 22 60 22
48 24 59 24
9 63 18 63
0 72 11 72
72 1 81 1
63 10 74 10
59 14 67 14
47 26 55 26
37 36 46 36
24 49 32 49
19 54 26 54
9 64 16 64
0 73 8 73
71 3 80 3
46 28 54 28
43 31 51 31
35 39 46 39
26 48 34 48
18 56 28 56
9 65 19 65
0 74 8 74
75 0 85 0
59 16 69 16
57 18 68 18
25 50 36 50
18 57 29 57
16 59 25 59
9 66 17 66
0 75 7 75
49 27 57 27
41 35 49 35
29 47 36 47
18 58 25 58
8 68 16 68
0 76 8 76
65 12 72 12
58 19 66 19
37 40 39 42
17 60 24 60
7 70 18 70
0 77 7 77
76 2 87 2
49 29 57 29
48 30 58 30
45 33 54 33
40 38 47 38
27 51 31 52
16 62 23 62
7 71 18 71
0 78 8 78
45 34 54 34
42 37 49 37
36 43 44 43
24 55 35 55
18 61 25 61
12 67 22 67
0 79 4 80
72 8 80 8
71 9 78 9
60 20 67 20
48 32 59 32
40 40 49 40
36 44 44 44
27 53 30 54
66 15 73 15
40 41 49 41
36 45 41 46
17 64 28 64
12 69 19 69
0 81 11 81
77 5 84 5
75 7 84 7
71 11 78 11
68 14 78 14
61 21 64 22
57 25 64 25
56 26 67 26
40 42 51 42
33 49 40 49
19 63 29 63
9 73 17 73
0 82 8 82
82 1 92 1
60 23 71 23
55 28 64 28
52 31 61 31
47 36 54 36
35 48 46 48
32 51 36 52
9 74 17 74
8 75 17 75
0 83 11 83
81 3 84 4
78 6 85 6
71 13 82 13
67 17 74 17
60 24 69 24
37 47 44 47
31 53 35 54
26 58 33 58
18 66 27 66
12 72 22 72
5 79 14 79
0 84 8 84
75 10 82 10
73 12 84 12
58 27 67 27
50 35 58 35
29 56 36 56
26 59 33 59
25 60 33 60
20 65 29 65
17 68 27 68
9 76 17 76
8 77 16 77
5 80 14 80
0 85 9 85
86 0 93 0
70 16 77 16
67 19 75 19
48 38 55 38
47 39 55 39
24 62 31 62
0 86 4 87
69 18 76 18
66 21 77 21
58 29 66 29
50 37 59 37
42 45 50 45
37 50 41 51
30 57 39 57
26 61 34 61
85 3 88 4
79 9 86 9
68 20 75 20
55 33 63 33
45 43 53 43
42 46 52 46
0 88 10 88
81 8 90 8
74 15 81 15
59 30 70 30
55 34 62 34
45 44 53 44
37 52 44 52
36 53 45 53
20 69 24 70
0 89 9 89
88 2 96 2
85 5 92 5
79 11 88 11
65 25 73 25
50 40 59 40
41 49 49 49
36 54 44 54
19 71 27 71
0 90 11 90
55 36 63 36
50 41 59 41
36 55 44 55
24 67 35 67
18 73 27 73
5 86 14 86
0 91 7 91
89 3 99 3
86 6 94 6
85 7 94 7
75 17 84 17
70 22 81 22
60 32 69 32
45 47 54 47
42 50 50 50
34 58 42 58
18 74 25 74
5 87 15 87
0 92 9 92
89 4 97 4
79 14 88 14
65 28 74 28
62 31 69 31
42 51 49 51
34 59 41 59
30 63 38 63
29 64 38 64
18 75 28 75
15 78 26 78
12 81 21 81
11 82 22 82
0 93 5 94
93 1 100 1
84 10 95 10
78 16 87 16
70 24 79 24
68 26 75 26
56 38 67 38
34 60 41 60
32 62 42 62
28 66 39 66
25 69 33 69
18 76 26 76
17 77 24 77
15 79 24 79
10 84 21 84
77 18 84 18
76 19 80 20
72 23 83 23
60 35 71 35
56 39 66 39
47 48 55 48
30 65 38 65
25 70 33 70
23 72 34 72
15 80 25 80
10 85 17 85
0 95 11 95
87 9 94 9
67 29 78 29
54 42 57 43
51 45 62 45
35 61 44 61
28 68 37 68
0 96 8 96
64 33 68 34
60 37 67 37
45 52 54 52
40 57 48 57
14 83 25 83
0 97 7 97
93 5 101 5
86 12 97 12
85 13 96 13
54 44 63 44
0 98 8 98
97 2 107 2
91 8 98 8
78 21 86 21
74 25 83 25
53 46 60 46
46 53 57 53
45 54 53 54
28 71 35 71
11 88 19 88
10 89 18 89
8 91 15 91
6 93 10 94
0 99 7 99
100 0 111 0
89 11 99 11
81 19 88 19
64 36 71 36
60 40 67 40
58 42 67 42
51 49 56 50
45 55 55 55
26 74 37 74
0 100 8 100
95 6 105 6
81 20 90 20
74 27 85 27
71 30 82 30
70 31 77 31
60 41 69 41
50 51 57 51
43 58 50 58
42 59 49 59
28 73 38 73
15 86 25 86
0 101 7 101
101 1 109 1
98 4 105 4
95 7 105 7
87 15 98 15
85 17 95 17
76 26 85 26
70 32 80 32
69 33 79 33
55 47 64 47
42 60 50 60
39 63 47 63
25 77 33 77
12 90 19 90
10 92 17 92
0 102 7 102
100 3 110 3
89 14 99 14
85 18 95 18
75 28 84 28
69 34 78 34
47 56 58 56
39 64 47 64
36 67 43 67
34 69 43 69
27 76 35 76
18 85 26 85
16 87 25 87
0 103 10 103
95 9 102 9
88 16 97 16
82 22 89 22
80 24 88 24
56 48 64 48
39 65 48 65
34 70 45 70
29 75 36 75
23 81 27 82
11 93 20 93
0 104 11 104
68 37 76 37
43 62 50 62
27 78 34 78
26 79 30 80
11 94 20 94
9 96 18 96
8 97 17 97
0 105 11 105
96 10 103 10
68 38 78 38
67 39 74 39
57 49 66 49
49 57 56 57
45 61 52 61
38 68 45 68
22 84 32 84
0 106 9 106
102 5 109 5
99 8 107 8
84 23 95 23
72 35 79 35
64 43 67 44
61 46 68 46
57 50 66 50
55 52 64 52
41 66 52 66
36 71 45 71
9 98 17 98
8 99 17 99
0 107 7 107
89 19 99 19
87 21 94 21
79 29 88 29
72 36 81 36
68 40 77 40
63 45 70 45
54 54 63 54
36 72 47 72
20 88 28 88
19 89 26 89
17 91 28 91
13 95 24 95
0 108 9 108
84 25 93 25
78 31 86 31
58 51 67 51
51 58 61 58
50 59 58 59
26 83 37 83
9 100 13 101
0 109 7 109
108 2 116 2
106 4 115 4
98 12 106 12
97 13 108 13
68 42 75 42
31 79 39 79
28 82 37 82
18 92 27 92
8 102 17 102
0 110 3 111
110 1 117 1
58 53 68 53
56 55 64 55
51 60 58 60
48 63 59 63
44 67 53 67
34 77 41 77
31 80 38 80
112 0 120 0
106 6 113 6
103 9 110 9
86 26 93 26
68 44 79 44
65 47 74 47
48 64 57 64
39 73 50 73
38 74 47 74
37 75 44 75
36 76 44 76
27 85 35 85
26 86 30 87
0 112 5 113
106 7 114 7
96 17 103 17
89 24 100 24
86 27 93 27
85 28 94 28
83 30 92 30
80 33 89 33
79 34 90 34
65 48 75 48
44 69 52 69
35 78 43 78
32 81 43 81
111 3 119 3
100 14 107 14
99 15 106 15
77 37 85 37
75 39 86 39
73 41 84 41
71 43 82 43
57 57 67 57
53 61 62 61
49 65 59 65
46 68 56 68
21 93 32 93
14 100 21 100
0 114 9 114
110 5 117 5
104 11 115 11
99 16 110 16
95 20 106 20
93 22 104 22
80 35 90 35
59 56 66 56
21 94 28 94
19 96 26 96
18 97 28 97
14 101 23 101
12 103 14 106
8 107 16 107
5 110 16 110
4 111 15 111
0 115 9 115
71 45 80 45
67 49 77 49
46 70 55 70
27 89 34 89
18 98 25 98
0 116 10 116
109 8 120 8
107 10 118 10
79 38 90 38
71 46 82 46
67 50 74 50
46 71 53 71
31 86 35 87
29 88 38 88
18 99 25 99
8 109 17 109
0 117 7 117
89 29 96 29
87 31 95 31
82 36 91 36
78 40 86 40
76 42 84 42
66 52 77 52
64 54 73 54
59 59 64 60
15 103 24 103
10 108 20 108
6 112 14 112
0 118 9 118
118 1 122 2
100 19 107 19
96 23 104 23
94 25 105 25
87 32 98 32
68 51 79 51
53 66 63 66
42 77 50 77
40 79 48 79
39 80 47 80
35 84 46 84
29 90 32 91
15 104 22 104
6 113 16 113
0 119 8 119
116 4 127 4
114 6 123 6
111 9 122 9
94 26 103 26
65 55 74 55
58 62 69 62
48 72 55 72
45 75 52 75
38 82 48 82
28 92 35 92
25 95 33 95
18 102 28 102
15 105 23 105
0 120 8 120
121 0 128 0
109 12 111 14
104 17 112 17
94 27 102 27
54 67 61 67
45 76 54 76
38 83 49 83
36 85 43 85
15 106 22 106
0 121 10 121
115 7 124 7
107 15 118 15
101 21 112 21
75 47 83 47
69 53 78 53
64 58 75 58
58 64 67 64
53 69 61 69
48 74 55 74
44 78 53 78
36 86 45 86
22 100 29 100
0 122 7 122
120 3 127 3
118 5 126 5
105 18 116 18
93 30 100 30
90 33 98 33
86 37 97 37
67 56 76 56
60 63 71 63
36 87 44 87
33 90 38 91
29 94 36 94
27 96 34 96
0 123 7 123
123 1 132 1
112 12 114 14
80 44 89 44
76 48 86 48
65 59 73 59
63 61 73 61
51 73 60 73
35 89 43 89
26 98 36 98
17 107 24 107
10 114 17 114
0 124 10 124
123 2 132 2
101 24 110 24
91 34 95 35
75 50 84 50
68 57 76 57
60 65 67 65
57 68 67 68
54 71 61 71
44 81 52 81
24 101 32 101
10 115 19 115
8 117 19 117
0 125 7 125
97 29 106 29
87 39 91 40
85 41 90 42
33 93 42 93
29 97 37 97
0 126 9 126
116 11 124 11
108 19 115 19
105 22 112 22
96 31 105 31
78 49 87 49
39 88 46 88
28 99 39 99
23 104 31 104
18 109 25 109
17 110 26 110
16 111 27 111
15 112 22 112
11 116 19 116
0 127 7 127
116 12 121 13
105 23 114 23
100 28 111 28
92 36 100 36
74 54 81 54
68 60 79 60
58 70 69 70
56 72 63 72
53 75 61 75
49 79 57 79
48 80 57 80
36 92 44 92
25 103 34 103
10 118 21 118
9 119 19 119
0 128 10 128
129 0 138 0
121 8 132 8
119 10 128 10
113 16 124 16
109 20 120 20
84 45 95 45
83 46 94 46
62 67 72 67
44 85 54 85
39 90 48 90
34 95 44 95
23 106 34 106
9 120 20 120
0 129 7 129
113 17 121 17
104 26 112 26
103 27 110 27
96 34 106 34
92 38 103 38
78 52 89 52
64 66 72 66
56 74 63 74
39 91 48 91
30 100 38 100
17 113 24 113
8 122 15 122
0 130 7 130
128 3 136 3
117 14 128 14
106 25 116 25
101 30 108 30
99 32 109 32
96 35 104 35
92 39 101 39
84 47 93 47
80 51 87 51
62 69 69 69
55 76 66 76
54 77 57 78
47 84 55 84
37 94 45 94
29 102 37 102
23 108 34 108
8 123 17 123
0 131 7 131
128 4 135 4
127 5 134 5
125 7 133 7
123 9 130 9
99 33 106 33
92 40 99 40
91 41 99 41
79 53 86 53
77 55 81 56
70 62 77 62
68 64 78 64
50 82 61 82
46 86 53 86
45 87 55 87
25 107 34 107
18 114 27 114
11 121 20 121
0 132 7 132
91 42 99 42
74 59 81 59
62 71 70 71
44 89 54 89
8 125 15 125
0 133 8 133
133 1 137 2
122 12 125 13
119 15 128 15
113 21 121 21
77 57 84 57
76 58 83 58
61 73 68 73
53 81 64 81
38 96 42 97
33 101 42 101
0 134 10 134
117 18 124 18
116 19 123 19
113 22 121 22
111 24 120 24
98 37 108 37
92 43 103 43
87 48 95 48
85 50 92 50
74 61 84 61
72 63 83 63
70 65 81 65
58 77 63 78
47 88 54 88
37 98 46 98
26 109 34 109
23 112 30 112
20 115 28 115
11 124 20 124
8 127 15 127
0 135 10 135
130 6 141 6
125 11 132 11
82 54 90 54
68 68 75 68
64 72 72 72
32 104 41 104
31 105 42 105
20 116 31 116
10 126 17 126
0 136 9 136
106 31 114 31
101 36 108 36
93 44 104 44
88 49 98 49
82 55 86 56
62 75 69 75
58 79 69 79
54 83 65 83
45 92 56 92
44 93 55 93
27 110 37 110
20 117 31 117
8 129 11 130
0 137 11 137
126 12 129 13
115 23 125 23
111 27 118 27
64 74 72 74
58 80 67 80
35 103 44 103
16 122 26 122
0 138 8 138
139 0 148 0
138 1 147 1
129 10 137 10
113 26 120 26
110 29 121 29
109 30 118 30
88 51 95 51
73 66 80 66
70 69 77 69
49 90 60 90
43 96 52 96
40 99 49 99
28 111 37 111
20 119 29 119
11 128 21 128
8 131 16 131
0 139 11 139
138 2 147 2
137 3 147 3
136 4 143 4
135 5 142 5
131 9 139 9
107 33 114 33
105 35 112 35
100 40 110 40
87 53 96 53
80 60 89 60
78 62 88 62
56 84 59 85
54 86 62 86
49 91 58 91
46 94 54 94
45 95 52 95
43 97 54 97
38 102 45 102
22 118 30 118
8 132 15 132
0 140 7 140
134 7 141 7
133 8 142 8
125 16 132 16
121 20 129 20
107 34 114 34
102 39 109 39
100 41 107 41
96 45 103 45
95 46 104 46
82 59 89 59
64 77 68 78
35 106 43 106
28 113 33 114
21 120 30 120
18 123 26 123
16 125 25 125
12 129 17 130
0 141 8 141
130 12 134 13
125 17 127 19
117 25 124 25
114 28 125 28
110 32 117 32
104 38 113 38
100 42 111 42
90 52 97 52
87 55 97 55
85 57 88 58
71 71 78 71
35 107 43 107
21 121 31 121
0 142 9 142
129 14 136 14
122 21 131 21
96 47 101 48
93 50 101 50
87 56 94 56
79 64 88 64
76 67 81 68
70 73 81 73
56 87 63 87
55 88 63 88
43 100 54 100
35 108 44 108
31 112 39 112
16 127 24 127
0 143 7 143
133 11 140 11
129 15 139 15
62 82 69 82
60 84 63 85
55 89 65 89
43 101 51 101
35 109 43 109
18 126 27 126
11 133 15 134
0 144 9 144
128 17 131 19
121 24 131 24
109 36 120 36
91 54 98 54
73 72 84 72
70 75 73 77
47 98 54 98
30 115 41 115
0 145 7 145
124 22 135 22
119 27 129 27
109 37 116 37
89 57 99 57
85 61 94 61
65 81 76 81
42 104 50 104
11 135 20 135
10 136 18 136
0 146 7 146
135 12 145 12
121 26 131 26
104 43 111 43
96 51 105 51
84 63 92 63
82 65 92 65
81 66 91 66
78 69 87 69
73 74 82 74
69 78 78 78
34 113 39 114
18 129 21 130
9 138 17 138
0 147 4 148
144 4 151 4
142 6 149 6
138 10 145 10
135 13 146 13
117 31 128 31
115 33 122 33
113 35 120 35
99 49 106 49
90 58 95 59
68 80 79 80
64 84 74 84
53 95 60 95
45 103 54 103
43 105 51 105
38 110 47 110
32 116 40 116
17 131 25 131
16 132 25 132
8 140 16 140
149 0 156 0
148 1 155 1
142 7 151 7
140 9 148 9
133 16 140 16
132 17 137 18
126 23 136 23
119 30 129 30
115 34 123 34
110 39 117 39
108 41 116 41
105 44 116 44
104 45 114 45
102 47 106 48
82 67 92 67
79 70 84 71
74 75 82 75
70 79 79 79
66 83 75 83
64 85 74 85
63 86 70 86
56 93 64 93
55 94 63 94
53 96 61 96
50 99 58 99
38 111 46 111
32 117 39 117
31 118 38 118
27 122 37 122
16 133 25 133
0 149 11 149
148 2 157 2
145 5 156 5
130 20 140 20
125 25 135 25
98 52 107 52
97 53 104 53
90 60 99 60
59 91 68 91
44 106 53 106
31 119 42 119
27 123 38 123
26 124 37 124
22 128 29 128
9 141 16 141
0 150 9 150
148 3 156 3
137 14 146 14
132 19 139 19
122 29 130 29
111 40 121 40
105 46 112 46
95 56 103 56
89 62 99 62
75 76 80 77
64 87 71 87
61 90 70 90
44 107 55 107
31 120 40 120
26 125 33 125
22 129 25 130
12 139 23 139
8 143 15 143
0 151 8 151
141 11 150 11
114 38 121 38
102 50 111 50
70 82 80 82
60 92 71 92
55 97 58 98
50 102 61 102
40 112 49 112
25 127 33 127
10 142 17 142
5 147 10 148
0 152 8 152
132 21 142 21
99 54 109 54
52 101 61 101
45 108 52 108
44 109 54 109
40 113 49 113
32 121 39 121
8 145 17 145
0 153 7 153
126 28 136 28
117 37 125 37
112 42 120 42
107 47 115 47
99 55 110 55
96 58 107 58
90 64 101 64
66 88 70 89
40 114 48 114
10 144 21 144
8 146 17 146
0 154 7 154
140 15 147 15
138 17 146 17
123 32 134 32
112 43 123 43
107 48 114 48
96 59 105 59
85 70 92 70
82 73 92 73
55 100 63 100
51 104 58 104
29 126 40 126
26 129 30 130
21 134 23 137
0 155 11 155
152 4 161 4
150 6 157 6
148 8 159 8
146 10 153 10
138 18 145 18
132 24 143 24
121 35 128 35
95 61 104 61
93 63 101 63
85 71 94 71
61 95 68 95
59 97 69 97
18 138 25 138
0 156 11 156
156 1 164 1
141 16 150 16
130 27 138 27
118 39 126 39
106 51 117 51
100 57 109 57
89 68 94 69
85 72 94 72
83 74 94 74
81 76 92 76
79 78 87 78
71 86 78 86
59 98 66 98
52 105 59 105
42 115 51 115
41 116 48 116
40 117 48 117
26 131 31 132
17 140 25 140
0 157 10 157
149 9 157 9
146 12 153 12
136 22 145 22
132 26 143 26
124 34 135 34
117 41 127 41
105 53 112 53
93 65 102 65
92 66 100 66
83 75 91 75
77 81 85 81
65 93 72 93
64 94 71 94
62 96 73 96
59 99 67 99
55 103 65 103
48 110 55 110
47 111 57 111
30 128 37 128
24 134 29 135
17 141 24 141
11 147 22 147
0 158 8 158
152 7 159 7
113 46 121 46
110 49 121 49
82 77 93 77
80 79 89 79
76 83 80 84
72 87 82 87
71 88 81 88
34 125 43 125
26 133 36 133
16 143 24 143
11 148 18 148
0 159 7 159
160 0 171 0
158 2 167 2
157 3 167 3
147 13 156 13
141 19 144 20
137 23 148 23
131 29 141 29
130 30 134 31
122 38 131 38
115 45 122 45
108 52 116 52
104 56 111 56
100 60 107 60
93 67 104 67
80 80 91 80
75 85 85 85
71 89 80 89
69 91 77 91
54 106 62 106
38 122 45 122
31 129 39 129
24 136 33 136
18 142 29 142
10 150 17 150
9 151 19 151
0 160 7 160
147 14 155 14
136 25 146 25
125 36 136 36
117 44 125 44
71 90 80 90
53 108 63 108
43 118 54 118
41 120 48 120
40 121 50 121
34 127 44 127
31 130 41 130
24 137 31 137
12 149 19 149
9 152 18 152
8 153 16 153
0 161 7 161
157 5 166 5
151 11 158 11
122 40 130 40
112 50 120 50
100 62 111 62
50 112 59 112
43 119 50 119
39 123 47 123
38 124 46 124
8 154 19 154
0 162 10 162
148 15 155 15
126 37 135 37
121 42 130 42
116 47 124 47
115 48 124 48
95 68 106 68
93 70 103 70
81 82 90 82
62 101 69 101
59 104 67 104
56 107 65 107
50 113 58 113
49 114 60 114
32 131 39 131
24 139 33 139
18 145 27 145
0 163 10 163
158 6 169 6
154 10 163 10
147 17 154 17
146 18 155 18
145 19 154 19
143 21 154 21
129 35 138 35
110 54 119 54
95 69 105 69
81 83 90 83
72 92 80 92
69 95 78 95
62 102 70 102
55 109 63 109
30 134 38 134
26 138 33 138
18 146 25 146
0 164 9 164
145 20 156 20
135 30 146 30
106 59 113 59
102 63 113 63
81 84 88 84
67 98 78 98
60 105 68 105
49 116 56 116
30 135 37 135
0 165 9 165
165 1 176 1
162 4 172 4
139 27 148 27
135 31 143 31
127 39 136 39
113 53 123 53
111 55 121 55
108 58 115 58
95 71 98 72
93 73 101 73
88 78 95 78
73 93 80 93
72 94 83 94
66 100 77 100
56 110 66 110
49 117 57 117
38 128 46 128
26 140 31 141
22 144 32 144
0 166 7 166
160 7 168 7
158 9 167 9
155 12 166 12
151 16 160 16
124 43 131 43
110 57 121 57
103 64 114 64
101 66 110 66
92 75 100 75
86 81 95 81
81 86 92 86
70 97 79 97
52 115 59 115
41 126 48 126
19 148 26 148
12 155 20 155
9 158 18 158
8 159 11 161
0 167 7 167
160 8 169 8
146 22 153 22
144 24 153 24
123 45 130 45
122 46 129 46
112 56 119 56
108 60 112 61
103 65 113 65
46 122 56 122
18 150 25 150
12 156 16 157
0 168 8 168
128 41 137 41
118 51 127 51
117 52 126 52
95 74 102 74
93 76 101 76
90 79 100 79
78 91 87 91
66 103 73 103
63 106 73 106
58 111 65 111
49 120 60 120
44 125 52 125
40 129 49 129
32 137 42 137
20 149 28 149
0 169 8 169
168 2 173 3
159 11 168 11
157 13 168 13
156 14 163 14
144 26 151 26
142 28 147 29
138 32 149 32
136 34 143 34
132 38 139 38
126 44 135 44
99 71 108 71
83 87 91 87
82 88 90 88
81 89 90 89
74 96 82 96
51 119 60 119
38 132 43 133
34 136 41 136
23 147 31 147
17 153 26 153
0 170 7 170
156 15 167 15
131 40 142 40
122 49 129 49
121 50 128 50
99 72 108 72
94 77 102 77
86 85 96 85
81 90 88 90
72 99 83 99
70 101 78 101
47 124 56 124
40 131 47 131
28 143 39 143
20 151 29 151
12 159 23 159
0 171 11 171
172 0 180 0
155 17 163 17
149 23 157 23
147 25 154 25
125 47 133 47
92 80 102 80
68 104 79 104
64 108 74 108
60 112 67 112
59 113 67 113
45 127 54 127
42 130 50 130
34 138 43 138
32 140 40 140
30 142 37 142
26 146 36 146
20 152 31 152
12 160 19 160
0 172 8 172
137 36 145 36
136 37 145 37
131 42 141 42
125 48 133 48
114 59 125 59
113 60 116 61
106 67 117 67
91 82 98 82
89 84 98 84
81 92 88 92
71 102 80 102
66 107 74 107
64 109 72 109
55 118 64 118
39 134 49 134
38 135 45 135
34 139 43 139
32 141 39 141
28 145 35 145
17 156 26 156
12 161 21 161
11 162 13 165
0 173 9 173
169 5 180 5
156 18 166 18
155 19 163 19
116 58 124 58
112 62 123 62
96 78 106 78
91 83 99 83
81 93 89 93
69 105 79 105
17 157 26 157
8 166 12 167
0 174 10 174
144 31 152 31
142 33 153 33
107 68 117 68
106 69 115 69
102 73 110 73
80 95 91 95
61 114 69 114
58 117 69 117
49 126 60 126
47 128 55 128
27 148 34 148
21 154 32 154
0 175 10 175
174 2 183 2
170 6 178 6
169 7 177 7
166 10 177 10
155 21 165 21
154 22 161 22
149 27 158 27
148 28 155 28
137 39 148 39
131 45 140 45
130 46 139 46
122 54 126 55
120 56 129 56
101 75 111 75
44 132 48 133
26 150 34 150
21 155 28 155
14 162 18 163
0 176 9 176
174 3 184 3
173 4 181 4
168 9 176 9
161 16 168 16
148 29 155 29
147 30 156 30
124 53 134 53
117 60 128 60
114 63 125 63
111 66 120 66
103 74 112 74
80 97 91 97
79 98 90 98
74 103 84 103
67 110 75 110
66 111 77 111
33 144 42 144
19 158 27 158
9 168 18 168
0 177 7 177
170 8 177 8
154 24 164 24
152 26 160 26
144 34 154 34
140 38 147 38
135 43 146 43
117 61 124 61
102 76 113 76
84 94 92 94
62 116 73 116
57 121 68 121
53 125 60 125
29 149 37 149
14 164 22 164
9 169 16 169
8 170 17 170
0 178 7 178
178 1 189 1
167 12 174 12
138 41 146 41
130 49 138 49
129 50 140 50
128 51 135 51
127 52 136 52
122 57 130 57
115 64 119 65
109 70 114 71
93 86 100 86
92 87 101 87
91 88 94 89
89 90 99 90
88 91 96 91
83 96 93 96
79 100 90 100
57 122 66 122
56 123 67 123
48 131 56 131
43 136 54 136
32 147 43 147
14 165 21 165
13 166 23 166
0 179 9 179
169 11 178 11
155 25 163 25
103 77 111 77
101 79 109 79
99 81 110 81
79 101 87 101
74 106 84 106
68 112 75 112
65 115 76 115
61 119 68 119
51 129 55 130
43 137 52 137
38 142 47 142
0 180 3 181
181 0 191 0
158 23 165 23
146 35 149 36
134 47 138 48
127 54 135 54
109 72 116 72
99 82 107 82
89 92 96 92
68 113 78 113
61 120 68 120
57 124 67 124
49 132 60 132
46 135 57 135
41 140 50 140
40 141 48 141
36 145 43 145
30 151 39 151
19 162 27 162
9 172 17 172
169 13 177 13
150 32 161 32
138 44 149 44
97 85 104 85
75 107 84 107
73 109 82 109
55 127 62 127
49 133 56 133
44 138 53 138
22 160 25 161
19 163 26 163
0 182 5 183
169 14 172 16
164 19 173 19
146 37 155 37
143 40 151 40
128 55 139 55
125 58 134 58
103 80 112 80
100 83 110 83
99 84 109 84
95 88 100 89
90 93 97 93
75 108 85 108
65 118 72 118
44 139 51 139
37 146 48 146
35 148 42 148
27 156 36 156
24 159 32 159
16 167 27 167
12 171 21 171
10 173 20 173
167 17 171 18
162 22 169 22
156 28 160 29
153 31 160 31
142 42 150 42
120 64 129 64
85 99 96 99
80 104 87 104
70 114 77 114
56 128 59 129
50 134 57 134
32 152 40 152
29 155 40 155
27 157 36 157
4 180 15 180
0 184 7 184
179 6 186 6
178 7 186 7
150 35 159 35
126 59 134 59
120 65 128 65
118 67 126 67
116 69 125 69
107 78 116 78
80 105 91 105
35 150 45 150
11 174 19 174
8 177 18 177
4 181 12 181
0 185 8 185
182 4 189 4
181 5 189 5
178 8 185 8
177 9 187 9
166 20 170 21
159 27 166 27
150 36 159 36
148 38 155 38
141 45 149 45
140 46 151 46
139 47 148 47
130 56 137 56
125 61 135 61
124 62 132 62
118 68 126 68
115 71 124 71
113 73 117 74
76 110 86 110
61 125 72 125
56 130 64 130
17 169 24 169
11 175 18 175
0 186 9 186
175 12 183 12
173 14 177 15
161 26 170 26
157 30 164 30
154 33 161 33
139 48 146 48
136 51 143 51
121 66 129 66
112 75 120 75
101 86 109 86
93 94 97 95
85 102 89 103
61 126 69 126
44 143 49 144
38 149 48 149
33 154 40 154
29 158 40 158
26 161 33 161
23 164 26 165
19 168 27 168
9 178 20 178
0 187 8 187
186 2 191 3
178 10 185 10
149 39 156 39
139 49 147 49
131 57 140 57
97 91 105 91
76 112 83 112
69 119 72 120
57 131 64 131
28 160 39 160
6 182 16 182
0 188 8 188
173 16 180 16
166 23 177 23
165 24 168 25
161 28 172 28
155 34 163 34
137 52 146 52
136 53 147 53
129 60 137 60
126 63 135 63
117 72 124 72
112 77 119 77
102 87 109 87
101 88 109 88
97 92 104 92
92 97 99 97
91 98 101 98
78 111 88 111
67 122 75 122
60 129 67 129
44 145 53 145
10 179 21 179
6 183 13 183
0 189 7 189
179 11 186 11
173 17 178 18
147 43 154 43
136 54 144 54
114 76 121 76
108 82 116 82
105 85 114 85
101 89 111 89
94 96 102 96
74 116 84 116
69 121 79 121
63 127 70 127
57 133 65 133
53 137 60 137
48 142 57 142
28 162 35 162
27 163 34 163
24 166 34 166
18 172 25 172
0 190 9 190
178 13 186 13
171 20 182 20
118 73 123 74
98 93 107 93
91 100 102 100
90 101 91 104
85 106 92 106
73 118 81 118
68 123 75 123
63 128 74 128
55 136 62 136
52 139 63 139
51 140 59 140
44 147 54 147
43 148 50 148
40 151 48 151
27 164 38 164
21 170 32 170
0 191 7 191
192 0 196 1
178 14 187 14
171 21 178 21
170 22 179 22
163 29 174 29
161 31 172 31
151 41 154 42
142 50 153 50
122 70 133 70
113 79 116 81
98 94 106 94
85 107 92 107
83 109 90 109
79 113 84 114
77 115 85 115
68 124 76 124
58 134 68 134
54 138 61 138
39 153 50 153
33 159 43 159
27 165 36 165
8 184 17 184
0 192 7 192
187 6 194 6
178 15 185 15
174 19 182 19
169 24 178 24
156 37 160 38
135 58 143 58
92 101 103 101
58 135 65 135
50 143 58 143
41 152 49 152
37 156 47 156
22 171 29 171
0 193 10 193
192 2 195 4
187 7 195 7
169 25 178 25
167 27 175 27
154 40 165 40
150 44 157 44
138 56 145 56
135 59 143 59
130 64 139 64
129 65 136 65
127 67 134 67
111 83 118 83
110 84 118 84
92 102 99 102
86 108 93 108
75 119 86 119
62 132 73 132
50 144 57 144
37 157 45 157
21 173 31 173
20 174 31 174
19 175 27 175
18 176 29 176
13 181 21 181
9 185 17 185
0 194 8 194
165 30 172 30
160 35 171 35
150 45 157 45
147 48 155 48
133 62 143 62
127 68 130 69
117 78 125 78
92 103 100 103
65 130 72 130
41 154 52 154
34 161 43 161
28 167 35 167
0 195 10 195
188 8 192 9
186 10 197 10
184 12 193 12
179 17 184 18
160 36 167 36
157 39 164 39
155 41 164 41
149 47 158 47
130 66 141 66
125 71 134 71
121 75 128 75
117 79 120 81
110 86 117 86
106 90 109 91
92 104 101 104
84 112 93 112
79 117 90 117
70 126 80 126
55 141 66 141
46 150 53 150
41 155 48 155
28 168 36 168
19 177 30 177
16 180 23 180
10 186 17 186
9 187 18 187
0 196 10 196
197 0 199 2
164 33 169 34
155 42 159 43
148 49 158 49
136 61 147 61
125 72 135 72
124 73 134 73
110 87 117 87
105 92 113 92
100 97 107 97
92 105 100 105
68 129 79 129
66 131 77 131
51 146 62 146
14 183 25 183
9 188 18 188
8 189 15 189
0 197 7 197
187 11 198 11
172 26 183 26
161 37 170 37
152 46 161 46
147 51 152 52
141 57 148 57
138 60 145 60
124 74 133 74
122 76 129 76
110 88 119 88
103 95 114 95
85 113 93 113
76 122 87 122
73 125 81 125
71 127 80 127
61 137 69 137
49 149 57 149
36 162 46 162
35 163 43 163
29 169 40 169
0 198 9 198
196 3 199 4
161 38 168 38
145 54 150 55
136 63 146 63
131 68 142 68
117 82 128 82
103 96 114 96
93 106 103 106
85 114 94 114
76 123 83 123
66 133 76 133
63 136 72 136
54 145 62 145
51 148 61 148
41 158 50 158
21 178 28 178
17 182 24 182
8 191 19 191
0 199 8 199
195 5 198 6
187 13 194 13
184 16 195 16
168 32 179 32
131 69 139 69
121 79 129 79
115 85 125 85
102 98 113 98
93 107 101 107
91 109 98 109
82 118 90 118
60 140 70 140
58 142 69 142
49 151 58 151
40 160 47 160
10 190 20 190
8 192 15 192
0 200 11 200
193 8 198 9
186 15 194 15
180 21 181 25
148 53 156 53
121 80 128 80
112 89 120 89
110 91 117 91
108 93 113 94
90 111 101 111
86 115 93 115
85 116 94 116
80 121 88 121
77 124 84 124
63 138 74 138
35 166 43 166
30 171 41 171
22 179 32 179
0 201 9 201
188 14 195 14
185 17 196 17
183 19 191 19
174 28 185 28
160 42 171 42
158 44 165 44
146 56 157 56
144 58 152 58
137 65 145 65
135 67 145 67
121 81 129 81
119 83 126 83
103 99 107 100
100 102 108 102
94 108 104 108
59 143 68 143
58 144 67 144
55 147 65 147
37 165 45 165
18 184 21 185
0 202 8 202
183 20 191 20
182 21 193 21
176 27 183 27
173 30 181 30
158 45 166 45
144 59 153 59
119 84 127 84
75 128 83 128
73 130 80 130
69 134 72 135
64 139 71 139
46 157 56 157
44 159 52 159
39 164 46 164
36 167 46 167
33 170 42 170
31 172 42 172
22 181 30 181
0 203 9 203
199 5 199 13
182 22 191 22
173 31 182 31
170 34 180 34
168 36 175 36
154 50 162 50
153 51 161 51
140 64 147 64
134 70 143 70
129 75 136 75
126 78 136 78
118 86 128 86
101 103 109 103
54 150 61 150
52 152 57 153
49 155 57 155
24 180 33 180
11 193 20 193
0 204 10 204
182 23 189 23
166 39 177 39
153 52 161 52
151 54 162 54
118 87 125 87
108 97 119 97
104 101 112 101
95 110 106 110
85 120 96 120
44 161 53 161
37 168 45 168
32 173 39 173
19 186 23 187
16 189 23 189
11 194 22 194
8 197 18 197
0 205 7 205
166 40 174 40
163 43 174 43
159 47 168 47
151 55 158 55
149 57 156 57
146 60 154 60
144 62 152 62
135 71 142 71
130 76 138 76
114 92 123 92
102 104 111 104
101 105 108 105
94 112 102 112
87 119 95 119
74 132 85 132
32 174 42 174
31 175 33 178
22 184 32 184
11 195 18 195
0 206 7 206
182 25 192 25
178 29 189 29
174 33 185 33
172 35 179 35
169 38 176 38
166 41 177 41
159 48 164 49
114 93 122 93
108 99 118 99
84 123 91 123
82 125 85 126
73 134 82 134
70 137 77 137
58 149 67 149
53 154 62 154
44 163 52 163
25 182 32 182
22 185 31 185
19 188 29 188
11 196 19 196
0 207 7 207
196 12 198 14
162 46 171 46
142 66 149 66
136 72 145 72
135 73 143 73
134 74 141 74
120 88 127 88
118 90 121 91
114 94 121 94
108 100 118 100
99 109 109 109
95 113 99 114
91 117 101 117
81 127 92 127
73 135 83 135
63 145 70 145
48 160 57 160
16 192 23 192
10 198 17 198
9 199 16 199
0 208 8 208
140 69 149 69
130 79 140 79
129 80 136 80
102 107 109 107
94 115 103 115
91 118 98 118
85 124 96 124
80 129 88 129
78 131 85 131
73 136 80 136
68 141 79 141
63 146 70 146
51 158 58 158
47 162 54 162
34 175 38 176
26 183 33 183
0 209 10 209
192 18 196 19
184 26 188 27
166 44 175 44
157 53 166 53
147 63 154 63
127 83 134 83
121 89 129 89
115 95 123 95
89 121 92 122
77 133 84 133
62 148 72 148
59 151 67 151
58 152 66 152
44 166 53 166
41 169 48 169
24 186 33 186
0 210 4 211
153 58 164 58
146 65 157 65
143 68 151 68
134 77 145 77
129 82 137 82
126 85 133 85
115 96 124 96
109 102 116 102
95 116 105 116
81 130 89 130
72 139 81 139
58 153 66 153
47 164 57 164
46 165 55 165
34 177 38 178
24 187 32 187
21 190 24 191
10 201 21 201
197 15 197 26
182 30 189 30
180 32 191 32
176 36 186 36
151 61 162 61
148 64 156 64
137 75 145 75
128 84 135 84
122 90 133 90
114 98 121 98
84 128 92 128
70 142 78 142
69 143 77 143
68 144 77 144
56 156 67 156
53 159 64 159
33 179 42 179
31 181 41 181
12 200 23 200
10 202 13 203
0 212 7 212
199 14 199 22
190 23 194 24
168 45 179 45
165 48 174 48
163 50 170 50
162 51 170 51
154 59 162 59
146 67 156 67
126 87 135 87
122 91 129 91
110 103 120 103
107 106 118 106
105 108 116 108
102 111 110 111
100 113 111 113
88 125 99 125
87 126 98 126
75 138 85 138
66 147 73 147
63 150 74 150
58 155 65 155
43 170 53 170
42 171 49 171
40 173 47 173
24 189 31 189
8 205 15 205
0 213 8 213
186 28 197 28
183 31 194 31
177 37 181 38
172 42 179 42
165 49 175 49
162 52 169 52
159 55 166 55
158 56 166 56
157 57 164 57
144 70 151 70
113 101 120 101
109 105 117 105
93 121 97 122
74 140 85 140
57 157 66 157
47 167 55 167
46 168 56 168
39 175 44 176
34 180 42 180
21 193 28 193
19 195 28 195
8 206 17 206
0 214 7 214
195 20 196 25
189 26 192 27
181 34 189 34
180 35 191 35
175 40 183 40
155 60 163 60
153 62 160 62
129 86 136 86
103 112 114 112
101 114 112 114
96 119 107 119
92 123 100 123
78 137 86 137
54 161 63 161
43 172 53 172
33 182 41 182
25 190 35 190
11 204 19 204
8 207 16 207
5 210 16 210
0 215 7 215
169 47 176 47
150 66 161 66
142 74 150 74
128 88 137 88
124 92 131 92
123 93 133 93
122 94 129 94
112 104 119 104
71 145 79 145
53 163 60 163
39 177 48 177
25 191 36 191
24 192 34 192
20 196 27 196
19 197 30 197
18 198 23 199
14 202 24 202
5 211 15 211
0 216 10 216
178 39 185 39
163 54 171 54
146 71 157 71
144 73 154 73
141 76 152 76
139 78 150 78
137 80 147 80
120 97 128 97
110 107 118 107
107 110 117 110
86 131 93 131
83 134 92 134
81 136 88 136
68 149 75 149
59 158 69 158
55 162 62 162
39 178 50 178
34 183 43 183
33 184 43 184
32 185 42 185
23 194 32 194
14 203 22 203
9 208 19 208
0 217 11 217
175 43 182 43
172 46 182 46
155 63 163 63
146 72 155 72
135 83 145 83
119 99 128 99
98 120 109 120
86 132 94 132
85 133 92 133
72 146 83 146
58 160 68 160
49 169 58 169
44 174 55 174
30 188 38 188
0 218 7 218
193 26 196 27
190 29 197 29
186 33 193 33
182 37 189 37
178 41 187 41
150 69 159 69
134 85 142 85
130 89 139 89
124 95 132 95
119 100 128 100
104 115 112 115
102 117 112 117
90 129 93 130
84 135 91 135
68 151 75 151
67 152 74 152
0 219 10 219
190 30 197 30
176 44 184 44
167 53 176 53
152 68 160 68
141 79 148 79
138 82 147 82
122 98 130 98
118 102 129 102
98 122 106 122
93 127 100 127
67 153 74 153
34 186 41 186
33 187 40 187
11 209 18 209
8 212 15 212
0 220 7 220
198 23 199 28
183 38 194 38
171 50 179 50
157 64 164 64
146 75 157 75
130 91 139 91
125 96 134 96
97 124 108 124
93 128 101 128
80 141 90 141
79 142 88 142
78 143 85 143
74 147 82 147
73 148 83 148
67 154 72 155
56 165 63 165
50 171 58 171
45 176 52 176
16 205 27 205
0 221 8 221
180 42 187 42
171 51 178 51
170 52 179 52
167 55 174 55
165 57 174 57
163 59 173 59
152 70 159 70
138 84 149 84
121 101 128 101
113 109 124 109
111 111 119 111
106 116 114 116
101 121 112 121
78 144 88 144
58 164 67 164
49 173 60 173
43 179 51 179
33 189 44 189
29 193 38 193
24 198 35 198
9 213 14 214
0 222 8 222
167 56 175 56
165 58 173 58
161 62 168 62
158 65 165 65
146 77 156 77
142 81 153 81
137 86 145 86
94 129 97 130
56 167 65 167
43 180 52 180
42 181 49 181
24 199 29 200
22 201 29 201
8 215 16 215
0 223 8 223
192 32 199 32
190 34 197 34
184 40 191 40
177 47 184 47
176 48 187 48
164 60 173 60
163 61 171 61
157 67 164 67
134 90 145 90
132 92 140 92
130 94 140 94
121 103 132 103
120 104 130 104
119 105 124 106
101 123 108 123
87 137 94 137
86 138 97 138
85 139 96 139
68 156 78 156
67 157 75 157
65 159 75 159
61 163 69 163
42 182 52 182
28 196 38 196
18 206 25 206
17 207 24 207
0 224 8 224
186 39 194 39
180 45 189 45
151 74 161 74
138 87 141 88
117 108 125 108
112 113 122 113
107 118 118 118
100 125 107 125
99 126 109 126
94 131 102 131
89 136 99 136
80 145 88 145
76 149 83 149
75 150 83 150
64 161 71 161
63 162 72 162
57 168 68 168
0 225 8 225
177 49 188 49
172 54 182 54
129 97 136 97
119 107 129 107
93 133 98 134
86 140 96 140
54 172 62 172
49 177 58 177
36 190 47 190
23 203 31 203
22 204 33 204
8 218 15 218
0 226 11 226
192 35 195 36
190 37 197 37
164 63 171 63
134 93 145 93
115 112 124 112
113 114 122 114
108 119 115 119
98 129 107 129
92 135 100 135
76 151 83 151
75 152 84 152
73 154 84 154
61 166 72 166
52 175 63 175
44 183 54 183
39 188 49 188
35 192 46 192
33 194 40 194
25 202 33 202
17 210 26 210
16 211 20 212
11 216 20 216
0 227 9 227
185 43 188 44
162 66 169 66
156 72 163 72
155 73 163 73
149 79 157 79
148 80 157 80
143 85 151 85
133 95 141 95
129 99 139 99
118 110 126 110
113 115 120 115
101 127 110 127
98 130 106 130
75 153 83 153
70 158 80 158
59 169 69 169
44 184 52 184
43 185 54 185
42 186 49 186
41 187 51 187
37 191 45 191
31 197 39 197
20 208 28 208
19 209 30 209
15 213 22 213
8 220 19 220
0 228 8 228
188 41 191 42
183 46 193 46
165 64 175 64
161 68 172 68
160 69 168 69
158 71 167 71
153 76 161 76
151 78 161 78
146 83 153 83
142 87 151 87
140 89 148 89
131 98 138 98
129 100 136 100
107 122 114 122
97 132 108 132
86 143 94 143
69 160 80 160
64 165 74 165
53 176 60 176
51 178 60 178
30 199 32 201
12 217 20 217
0 229 8 229
180 50 188 50
175 55 182 55
148 82 156 82
142 88 150 88
129 101 138 101
125 105 129 106
113 117 122 117
102 128 111 128
84 146 95 146
83 147 90 147
59 171 68 171
56 174 64 174
35 195 46 195
11 219 19 219
9 221 18 221
0 230 4 231
198 33 199 38
180 51 182 53
169 62 177 62
135 96 146 96
120 111 131 111
115 116 126 116
111 120 122 120
89 142 97 142
76 155 87 155
52 179 59 179
50 181 61 181
17 214 21 215
9 222 12 224
192 40 193 43
185 47 196 47
176 56 183 56
175 57 184 57
174 58 182 58
162 70 173 70
146 86 156 86
130 102 138 102
109 123 116 123
99 133 110 133
95 137 102 137
91 141 98 141
84 148 95 148
39 193 47 193
26 206 34 206
25 207 35 207
21 211 29 211
0 232 8 232
195 38 197 41
189 44 197 44
174 59 182 59
172 61 179 61
158 75 166 75
142 91 153 91
141 92 150 92
109 124 116 124
108 125 118 125
99 134 107 134
89 144 97 144
84 149 91 149
76 157 83 157
72 161 79 161
70 163 78 163
66 167 76 167
53 180 64 180
34 199 35 204
28 205 38 205
21 212 28 212
0 233 10 233
183 51 192 51
174 60 181 60
157 77 165 77
150 84 161 84
137 97 146 97
126 108 133 108
103 131 111 131
89 145 98 145
70 164 81 164
61 173 68 173
36 198 43 198
16 218 25 218
9 225 20 225
0 234 8 234
190 45 197 45
183 52 187 53
172 63 180 63
170 65 181 65
154 81 162 81
141 94 149 94
131 104 134 105
126 109 137 109
116 119 124 119
85 150 96 150
79 156 89 156
76 159 84 159
73 162 83 162
63 172 72 172
53 182 61 182
46 189 57 189
41 194 50 194
39 196 47 196
36 199 46 199
13 222 22 222
5 230 13 230
0 235 8 235
194 42 198 43
188 48 197 48
170 66 179 66
164 72 172 72
162 74 169 74
133 103 140 103
130 106 141 106
123 113 131 113
121 115 130 115
101 135 108 135
100 136 110 136
98 138 106 138
97 139 101 140
85 151 88 153
59 177 66 177
50 186 57 186
36 200 45 200
23 213 30 213
22 214 25 215
13 223 20 223
5 231 12 231
0 236 9 236
164 73 171 73
158 79 165 79
154 83 162 83
152 85 159 85
147 90 158 90
142 95 150 95
139 98 147 98
137 100 145 100
130 107 139 107
125 112 133 112
123 114 131 114
119 118 126 118
116 121 121 122
111 126 122 126
108 129 117 129
107 130 114 130
69 168 76 168
67 170 78 170
61 176 69 176
53 184 63 184
46 191 53 191
40 197 49 197
36 201 45 201
29 208 40 208
27 210 34 210
21 216 30 216
13 224 22 224
10 227 13 229
0 237 10 237
199 39 199 48
189 49 198 49
184 54 195 54
183 55 192 55
169 69 178 69
158 80 166 80
149 89 160 89
111 127 119 127
95 143 103 143
91 147 101 147
55 183 65 183
50 188 60 188
36 202 45 202
21 217 28 217
0 238 9 238
189 50 197 50
168 71 176 71
163 76 174 76
157 82 168 82
152 87 159 87
151 88 158 88
140 99 148 99
135 104 145 104
85 154 92 154
81 158 88 158
73 166 81 166
70 169 77 169
65 174 73 174
64 175 74 175
61 178 69 178
60 179 68 179
47 192 56 192
36 203 45 203
20 219 24 220
0 239 8 239
188 52 195 52
184 56 192 56
178 62 187 62
176 64 184 64
173 67 178 68
162 78 173 78
139 101 148 101
135 105 143 105
123 117 132 117
117 123 124 123
112 128 121 128
103 137 111 137
99 141 106 141
98 142 105 142
89 151 97 151
75 165 83 165
69 171 80 171
55 185 64 185
36 204 46 204
31 209 39 209
26 214 29 215
19 221 27 221
14 226 17 228
0 240 9 240
188 53 195 53
183 58 190 58
180 61 187 61
148 93 159 93
139 102 146 102
117 124 124 124
109 132 117 132
102 139 107 140
92 149 101 149
89 152 99 152
84 157 93 157
80 161 91 161
48 193 58 193
35 206 44 206
30 211 39 211
29 212 37 212
9 232 16 232
0 241 11 241
185 57 196 57
167 75 178 75
134 108 141 108
108 134 118 134
98 144 107 144
96 146 105 146
89 153 97 153
79 163 88 163
69 173 79 173
47 195 55 195
44 198 53 198
0 242 9 242
184 59 195 59
183 60 194 60
166 77 174 77
157 86 166 86
151 92 161 92
147 96 151 97
127 116 137 116
123 120 130 120
122 121 132 121
112 131 120 131
88 155 99 155
62 181 69 181
36 207 44 207
14 229 22 229
9 234 19 234
0 243 7 243
181 63 189 63
174 70 184 70
170 74 178 74
163 81 171 81
150 94 157 94
141 103 150 103
134 110 139 111
125 119 135 119
122 122 131 122
119 125 127 125
111 133 121 133
109 135 120 135
99 145 108 145
85 159 93 159
84 160 95 160
77 167 84 167
67 177 74 177
58 186 65 186
48 196 58 196
39 205 47 205
31 213 41 213
30 214 38 214
26 218 33 218
25 219 32 219
18 226 20 228
14 230 22 230
11 233 18 233
9 235 16 235
0 244 7 244
173 72 184 72
172 73 180 73
166 79 173 79
160 85 167 85
154 91 165 91
132 113 140 113
127 118 137 118
115 130 125 130
107 138 115 138
77 168 84 168
73 172 80 172
65 180 75 180
58 187 69 187
55 190 66 190
54 191 63 191
51 194 60 194
35 210 43 210
30 215 38 215
25 220 33 220
23 222 27 223
0 245 9 245
180 66 187 66
179 67 182 68
163 83 167 84
151 95 161 95
148 98 156 98
146 100 153 100
134 112 142 112
132 114 141 114
90 156 101 156
84 162 92 162
82 164 91 164
70 176 77 176
47 199 55 199
46 200 53 200
29 217 39 217
21 225 28 225
0 246 9 246
196 51 197 54
167 80 174 80
160 87 170 87
159 88 166 88
140 107 147 107
138 109 147 109
120 127 129 127
118 129 126 129
111 136 119 136
108 139 115 139
104 143 115 143
97 150 107 150
93 154 102 154
89 158 97 158
78 169 87 169
58 189 65 189
50 197 61 197
46 201 57 201
31 216 38 216
23 224 33 224
21 226 32 226
11 236 14 237
0 247 7 247
199 49 199 58
193 55 196 56
179 69 190 69
177 71 185 71
152 96 163 96
149 99 159 99
142 106 150 106
133 115 144 115
125 123 130 124
108 140 117 140
107 141 114 141
106 142 113 142
82 166 90 166
70 178 79 178
69 179 78 179
66 182 68 184
21 227 28 227
10 238 19 238
9 239 17 239
0 248 9 248
198 51 198 62
188 61 196 61
185 64 192 64
152 97 160 97
147 102 155 102
123 126 130 126
112 137 122 137
102 147 109 147
98 151 105 151
84 165 91 165
79 170 86 170
75 174 80 175
61 188 69 188
47 202 58 202
46 203 54 203
41 208 50 208
28 221 35 221
21 228 32 228
17 232 25 232
0 249 9 249
188 62 195 62
183 67 186 68
161 89 169 89
149 101 157 101
146 104 154 104
142 108 152 108
133 117 142 117
118 132 127 132
102 148 105 149
41 209 52 209
28 222 38 222
10 240 18 240
175 76 182 76
169 82 179 82
168 83 177 83
98 153 109 153
94 157 105 157
70 181 80 181
59 192 63 193
56 195 65 195
47 204 55 204
45 206 52 206
40 211 47 211
20 231 31 231
15 236 25 236
8 243 17 243
197 55 197 64
175 77 186 77
174 78 185 78
168 84 175 84
162 90 173 90
158 94 165 94
141 111 152 111
124 128 135 128
121 131 129 131
108 144 117 144
106 146 113 146
100 152 110 152
89 163 96 163
85 167 89 168
81 171 90 171
75 177 84 177
70 182 73 184
66 186 74 186
54 198 63 198
40 212 51 212
34 218 42 218
33 219 42 219
23 229 30 229
17 235 26 235
15 237 26 237
10 242 17 242
8 244 15 244
188 65 190 67
179 74 187 74
174 79 185 79
172 81 180 81
168 85 176 85
167 86 177 86
160 93 170 93
133 120 135 122
128 125 138 125
119 134 126 134
94 159 101 159
92 161 99 161
81 172 88 172
80 173 87 173
48 205 58 205
39 214 46 214
30 223 41 223
23 230 31 230
20 233 31 233
12 241 22 241
181 73 188 73
179 75 187 75
162 92 171 92
154 100 161 100
151 103 159 103
149 105 160 105
141 113 149 113
138 116 147 116
131 123 135 124
116 138 123 138
78 176 85 176
54 200 61 200
39 215 47 215
34 220 42 220
20 234 27 234
185 70 195 70
175 80 183 80
167 88 175 88
157 98 164 98
148 107 156 107
143 112 150 112
136 119 147 119
122 133 132 133
116 139 125 139
110 145 121 145
106 149 115 149
93 162 101 162
81 174 90 174
70 185 81 185
64 191 74 191
61 194 69 194
59 196 67 196
42 213 52 213
10 245 18 245
8 247 16 247
193 63 195 66
142 114 149 114
138 118 146 118
136 120 145 120
127 129 134 129
126 130 135 130
121 135 130 135
120 136 127 136
115 141 125 141
98 158 107 158
96 160 104 160
92 164 99 164
81 175 89 175
76 180 86 180
74 182 77 183
67 189 70 190
64 192 75 192
29 227 39 227
10 246 19 246
186 71 193 71
185 72 196 72
166 91 174 91
162 95 169 95
151 106 158 106
148 109 157 109
136 121 146 121
131 126 138 126
115 142 126 142
110 147 118 147
103 154 111 154
102 155 106 156
92 165 103 165
91 166 102 166
90 167 101 167
88 169 95 169
87 170 96 170
70 187 78 187
64 193 73 193
58 199 69 199
50 207 61 207
36 221 44 221
18 239 25 239
199 59 199 66
196 62 196 71
191 67 193 69
161 97 170 97
156 102 164 102
148 110 159 110
136 122 146 122
131 127 142 127
118 140 126 140
110 148 121 148
108 150 112 151
90 168 99 168
80 178 88 178
79 179 86 179
74 184 85 184
70 188 81 188
55 203 62 203
48 210 53 211
42 216 53 216
34 224 42 224
33 225 37 226
20 238 28 238
10 248 17 248
183 76 191 76
170 89 179 89
160 99 168 99
158 101 165 101
155 104 163 104
136 123 145 123
116 143 125 143
62 197 72 197
58 201 68 201
53 206 61 206
51 208 60 208
27 232 38 232
10 249 17 249
166 94 176 94
164 96 173 96
143 117 152 117
136 124 147 124
128 132 135 132
123 137 132 137
114 146 122 146
71 189 82 189
56 204 63 204
31 229 39 229
18 242 23 243
16 244 26 244
198 63 198 73
178 83 186 83
177 84 188 84
153 108 161 108
130 131 140 131
127 134 134 134
100 161 109 161
89 172 96 172
88 173 95 173
78 183 86 183
71 190 81 190
66 195 74 195
59 202 67 202
47 214 55 214
44 217 49 218
39 222 46 222
33 228 40 228
189 73 196 73
181 81 188 81
180 82 187 82
177 85 186 85
162 100 170 100
147 115 158 115
124 138 132 138
118 144 125 144
107 155 110 157
99 163 110 163
91 171 102 171
86 176 93 176
85 177 93 177
81 181 88 181
62 200 73 200
53 209 64 209
43 219 48 220
32 230 39 230
28 234 35 234
27 235 38 235
26 236 37 236
22 240 33 240
197 66 197 77
176 87 181 88
165 98 175 98
160 103 168 103
151 112 161 112
150 113 157 113
113 150 124 150
111 152 118 152
110 153 120 153
81 182 92 182
48 215 55 215
38 225 48 225
32 231 39 231
187 77 195 77
186 78 193 78
178 86 185 86
174 90 181 90
172 92 179 92
171 93 178 93
157 107 164 107
153 111 161 111
148 116 155 116
139 125 146 125
136 128 143 128
135 129 146 129
128 136 136 136
113 151 122 151
102 162 112 162
100 164 107 164
70 194 77 194
59 205 67 205
54 210 62 210
52 212 61 212
38 226 46 226
27 237 35 237
23 241 30 241
19 245 26 245
17 247 26 247
186 79 193 79
185 80 196 80
170 95 178 95
159 106 166 106
151 114 162 114
147 118 156 118
139 126 150 126
126 139 133 139
116 149 126 149
105 160 115 160
96 169 107 169
91 174 100 174
79 186 90 186
67 198 78 198
54 211 63 211
42 223 52 223
32 233 41 233
26 239 35 239
199 67 199 74
175 91 185 91
161 105 170 105
133 133 141 133
131 135 138 135
119 147 126 147
112 154 119 154
111 155 122 155
108 158 117 158
91 175 102 175
87 179 90 180
79 187 88 187
75 191 83 191
63 203 70 203
53 213 60 213
45 221 54 221
24 242 35 242
20 246 28 246
18 248 26 248
193 74 196 76
166 101 175 101
165 102 173 102
158 109 167 109
148 119 156 119
147 120 151 121
137 130 148 130
127 140 135 140
126 141 134 141
122 145 129 145
111 156 119 156
108 159 119 159
97 170 105 170
89 178 96 178
74 193 82 193
50 217 57 217
43 224 51 224
40 227 47 227
24 243 32 243
18 249 25 249
171 97 178 97
169 99 177 99
164 104 171 104
136 132 143 132
111 157 119 157
100 168 107 168
76 192 84 192
64 204 71 204
62 206 72 206
50 218 61 218
49 219 60 219
182 87 193 87
180 89 187 89
147 122 157 122
146 123 155 123
127 142 136 142
126 143 135 143
123 146 132 146
104 165 115 165
103 166 112 166
102 167 112 167
97 172 105 172
84 185 95 185
73 196 77 197
62 207 70 207
61 208 70 208
49 220 56 220
47 222 56 222
41 228 49 228
40 229 50 229
189 81 197 81
188 82 195 82
187 83 195 83
182 88 193 88
174 96 182 96
162 108 171 108
160 110 169 110
153 117 160 117
143 127 153 127
133 137 140 137
122 148 130 148
94 176 104 176
91 179 102 179
89 181 98 181
87 183 91 184
82 188 93 188
69 201 73 202
56 214 64 214
40 230 50 230
36 234 43 234
177 94 187 94
171 100 180 100
158 113 167 113
137 134 148 134
133 138 142 138
119 152 128 152
110 161 118 161
94 177 102 177
91 180 98 180
56 215 63 215
40 231 47 231
39 232 48 232
33 238 44 238
27 244 34 244
198 74 198 85
194 78 197 79
187 85 197 85
186 86 195 86
182 90 192 90
180 92 189 92
179 93 189 93
169 103 176 103
165 107 172 107
156 116 164 116
152 120 157 121
148 124 157 124
147 125 156 125
144 128 155 128
141 131 151 131
83 189 94 189
82 190 89 190
56 216 67 216
31 241 42 241
27 245 35 245
167 106 175 106
162 111 173 111
137 136 147 136
134 139 141 139
100 173 111 173
74 199 78 200
68 205 75 205
63 210 70 210
47 226 55 226
36 237 44 237
176 98 185 98
162 112 171 112
159 115 169 115
139 135 146 135
130 144 141 144
127 147 136 147
123 151 134 151
121 153 132 153
111 163 121 163
110 164 121 164
103 171 111 171
80 194 80 202
71 203 79 203
62 212 70 212
61 213 68 213
49 225 57 225
39 235 46 235
38 236 45 236
34 240 45 240
27 247 38 247
157 118 168 118
142 133 149 133
130 145 139 145
125 150 132 150
113 162 121 162
101 174 109 174
97 178 104 178
93 182 103 182
92 183 96 184
81 194 92 194
74 201 79 202
66 209 77 209
64 211 74 211
58 217 66 217
48 227 59 227
42 233 49 233
36 239 46 239
29 246 36 246
27 248 35 248
26 249 37 249
179 97 187 97
174 102 184 102
172 104 180 104
171 105 182 105
157 119 164 119
144 132 153 132
136 140 143 140
135 141 143 141
127 149 137 149
120 156 130 156
118 158 126 158
116 160 123 160
108 168 116 168
106 170 114 170
89 187 100 187
85 191 89 192
83 193 93 193
72 204 82 204
55 221 63 221
53 223 60 223
52 224 60 224
33 243 40 243
188 89 197 89
186 91 193 91
178 99 188 99
176 101 184 101
163 114 170 114
151 126 161 126
148 129 159 129
123 154 127 155
120 157 130 157
108 169 118 169
91 186 98 186
82 195 85 197
57 220 67 220
183 95 194 95
161 117 168 117
158 120 165 120
141 137 148 137
106 172 116 172
71 207 79 207
44 234 55 234
36 242 43 242
183 96 193 96
158 121 167 121
149 130 157 130
137 142 140 143
133 146 141 146
131 148 138 148
120 159 128 159
113 166 120 166
99 180 110 180
81 198 89 198
73 206 80 206
71 208 79 208
65 214 72 214
64 215 73 215
57 222 68 222
51 228 54 229
48 231 56 231
35 244 43 244
177 103 186 103
173 107 177 108
171 109 176 110
158 122 168 122
119 161 126 161
113 167 123 167
105 175 108 176
103 177 111 177
99 181 109 181
97 183 100 184
90 190 98 190
81 199 89 199
62 218 71 218
61 219 70 219
199 82 199 93
181 100 192 100
168 113 176 113
165 116 174 116
158 123 162 124
154 127 161 127
143 138 151 138
142 139 151 139
129 152 140 152
116 165 123 165
96 185 106 185
90 191 101 191
86 195 95 195
81 200 92 200
76 205 87 205
71 210 81 210
51 230 61 230
49 232 57 232
36 245 47 245
190 92 197 92
188 94 196 94
176 106 184 106
157 125 164 125
147 135 154 135
128 154 136 154
103 179 113 179
94 188 104 188
90 192 99 192
86 196 91 197
81 201 90 201
69 213 76 213
56 226 67 226
47 235 54 235
46 236 55 236
45 237 49 238
190 93 198 93
152 131 163 131
150 133 158 133
149 134 159 134
128 155 136 155
112 171 120 171
81 202 90 202
80 203 88 203
71 212 79 212
58 225 67 225
50 233 57 233
37 246 44 246
194 90 197 91
165 119 176 119
156 128 164 128
148 136 155 136
144 140 151 140
142 142 145 144
137 147 144 147
124 160 131 160
122 162 130 162
110 174 117 174
101 183 112 183
95 189 102 189
68 216 78 216
67 217 77 217
61 223 68 223
55 229 63 229
43 241 52 241
41 243 51 243
36 248 44 248
188 97 195 97
181 104 190 104
178 107 182 108
174 111 182 111
173 112 184 112
171 114 179 114
170 115 177 115
144 141 152 141
140 145 151 145
135 150 139 151
127 158 136 158
122 163 127 164
117 168 128 168
115 170 126 170
112 173 120 173
110 175 121 175
109 176 117 176
107 178 118 178
101 184 110 184
99 186 108 186
64 221 72 221
61 224 68 224
185 101 192 101
169 117 180 117
163 123 167 124
154 132 163 132
149 137 157 137
133 153 143 153
104 182 111 182
75 211 86 211
47 239 54 239
44 242 52 242
39 247 50 247
189 98 194 99
185 102 192 102
178 109 189 109
177 110 185 110
169 118 176 118
167 120 178 120
139 148 150 148
138 149 147 149
131 156 142 156
94 193 103 193
93 194 101 194
81 206 89 206
80 207 89 207
78 209 86 209
73 214 80 214
60 227 67 227
38 249 45 249
183 105 190 105
162 126 169 126
158 130 165 130
146 142 154 142
142 146 153 146
131 157 138 157
129 159 136 159
127 161 134 161
101 187 109 187
92 196 102 196
90 198 100 198
80 208 89 208
68 220 79 220
57 231 68 231
51 237 62 237
168 121 178 121
162 127 170 127
160 129 171 129
146 143 153 143
124 165 131 165
117 172 125 172
99 190 106 190
92 197 101 197
90 199 101 199
51 238 62 238
195 95 198 96
187 103 196 103
183 107 193 107
177 113 184 113
165 125 174 125
155 135 164 135
152 138 159 138
146 144 154 144
124 166 128 167
77 213 88 213
75 215 86 215
72 218 81 218
71 219 82 219
62 228 73 228
58 232 65 232
56 234 67 234
55 235 62 235
46 244 57 244
185 106 192 106
183 108 191 108
175 116 182 116
169 122 172 123
152 139 160 139
141 150 146 151
137 154 144 154
128 163 132 164
114 177 125 177
111 180 119 180
110 181 120 181
96 195 105 195
69 222 80 222
58 233 65 233
45 246 55 246
159 133 166 133
156 136 163 136
152 140 163 140
145 147 153 147
132 160 140 160
121 171 128 171
118 174 128 174
107 185 115 185
103 189 111 189
100 192 108 192
91 201 94 202
89 203 100 203
88 204 91 205
82 210 89 210
80 212 87 212
69 223 79 223
62 230 69 230
193 100 198 101
178 115 186 115
165 128 174 128
141 152 149 152
131 162 140 162
124 169 135 169
114 179 124 179
105 188 114 188
102 191 109 191
93 200 103 200
69 224 80 224
68 225 77 225
64 229 73 229
53 240 56 241
45 248 55 248
183 111 194 111
180 114 188 114
170 124 181 124
160 134 168 134
121 173 130 173
118 176 126 176
112 182 122 182
68 226 79 226
55 239 63 239
49 245 60 245
177 118 184 118
173 122 184 122
164 131 174 131
158 137 167 137
140 155 151 155
137 158 145 158
129 166 134 167
111 184 119 184
109 186 117 186
81 214 92 214
79 216 86 216
78 217 85 217
68 227 75 227
53 242 61 242
199 97 199 108
186 110 197 110
177 119 186 119
173 123 183 123
170 126 177 126
166 130 174 130
164 132 172 132
155 141 157 144
139 157 150 157
137 159 145 159
135 161 142 161
133 163 143 163
113 183 121 183
102 194 111 194
95 201 106 201
92 204 101 204
90 206 98 206
87 209 97 209
53 243 64 243
193 104 195 106
185 112 195 112
148 149 159 149
147 150 155 150
144 153 154 153
133 164 141 164
132 165 140 165
129 168 138 168
127 170 137 170
122 175 130 175
119 178 129 178
110 187 118 187
107 190 117 190
104 193 112 193
95 202 103 202
92 205 101 205
90 207 101 207
76 221 87 221
48 249 59 249
185 113 193 113
181 117 189 117
171 127 180 127
160 138 171 138
147 151 154 151
126 172 137 172
90 208 97 208
66 232 76 232
63 235 74 235
58 240 69 240
57 241 65 241
51 247 59 247
197 102 198 106
190 109 197 109
183 116 190 116
179 120 187 120
158 141 162 142
154 145 157 146
151 148 160 148
103 196 110 196
102 197 111 197
101 198 112 198
88 211 99 211
66 233 76 233
179 121 188 121
175 125 182 125
165 135 172 135
161 139 171 139
129 171 137 171
120 180 130 180
90 210 97 210
88 212 97 212
80 220 87 220
70 230 77 230
69 231 78 231
63 237 68 238
194 107 198 108
172 129 181 129
168 133 179 133
165 136 176 136
158 143 165 143
154 147 162 147
147 154 158 154
141 160 149 160
135 166 142 166
116 185 123 185
112 189 121 189
110 191 118 191
109 192 119 192
106 195 115 195
102 199 111 199
83 218 86 219
187 115 194 115
158 144 166 144
150 152 157 152
135 167 142 167
121 181 130 181
89 213 97 213
87 215 89 217
74 228 82 228
68 234 76 234
58 244 65 244
56 246 65 246
185 118 195 118
175 128 182 128
169 134 177 134
158 145 167 145
127 176 137 176
126 177 133 177
115 188 125 188
81 222 88 222
80 223 88 223
78 225 87 225
76 227 83 227
74 229 82 229
67 236 78 236
178 126 185 126
163 141 174 141
158 146 166 146
146 158 157 158
143 161 150 161
142 162 153 162
131 173 139 173
125 179 132 179
118 186 129 186
104 200 114 200
101 203 110 203
62 242 71 242
56 248 64 248
175 130 182 130
168 137 175 137
163 142 170 142
149 156 160 156
146 159 156 159
131 174 134 175
123 182 132 182
122 183 129 183
99 206 108 206
90 215 91 219
81 224 89 224
187 119 195 119
182 124 190 124
175 131 183 131
156 150 165 150
155 151 162 151
142 164 146 165
119 187 127 187
113 193 122 193
112 194 123 194
104 202 111 202
102 204 110 204
98 208 105 208
88 218 89 221
80 226 87 226
69 237 78 237
61 245 70 245
198 109 199 113
196 111 197 115
191 116 198 116
185 122 193 122
184 123 193 123
152 155 159 155
144 163 151 163
139 168 149 168
138 169 143 170
111 196 120 196
102 205 109 205
98 209 105 209
93 214 102 214
92 215 102 215
69 238 77 238
66 241 74 241
60 247 67 247
188 120 199 120
183 125 191 125
181 127 191 127
173 135 180 135
155 153 163 153
151 157 158 157
130 178 140 178
124 184 127 185
118 190 128 190
107 201 115 201
92 216 100 216
78 230 88 230
65 243 72 243
161 148 171 148
143 166 153 166
138 171 146 171
135 174 139 175
112 197 119 197
102 207 109 207
92 217 99 217
77 232 87 232
60 249 69 249
189 121 196 121
172 138 180 138
167 143 171 144
163 147 172 147
161 149 172 149
158 152 166 152
150 160 158 160
143 167 150 167
138 172 148 172
119 191 127 191
100 210 104 211
98 212 105 212
92 218 99 218
90 220 93 222
79 231 86 231
77 233 88 233
75 235 83 235
71 239 76 240
66 244 73 244
183 128 193 128
182 129 191 129
172 139 179 139
147 164 155 164
131 180 139 180
122 189 129 189
116 195 127 195
113 198 120 198
112 199 122 199
92 219 101 219
84 227 91 227
83 228 90 228
77 234 85 234
186 126 193 126
180 132 183 134
151 161 158 161
147 165 157 165
133 179 143 179
131 181 140 181
128 184 132 185
120 192 131 192
89 223 96 223
83 229 90 229
196 117 199 119
183 130 193 130
177 136 185 136
176 137 187 137
171 142 181 142
168 145 175 145
167 146 175 146
159 154 170 154
140 173 147 173
136 177 147 177
130 183 137 183
88 225 98 225
65 248 72 248
163 151 171 151
145 169 156 169
140 174 143 176
112 202 122 202
111 203 118 203
106 208 116 208
94 220 105 220
88 226 95 226
68 246 79 246
184 131 192 131
172 143 182 143
160 155 169 155
152 163 161 163
133 182 143 182
128 187 135 187
127 188 138 188
115 200 126 200
111 204 120 204
110 205 117 205
109 206 117 206
106 209 113 209
105 210 110 211
94 221 97 222
79 236 86 236
73 242 76 243
68 247 77 247
194 122 199 123
192 124 196 125
184 132 194 132
181 135 190 135
176 140 181 141
172 144 181 144
166 150 175 150
159 157 166 157
157 159 165 159
154 162 161 162
130 186 138 186
123 193 130 193
103 213 107 214
79 237 87 237
78 238 86 238
77 239 87 239
71 245 78 245
184 133 195 133
164 153 173 153
161 156 172 156
159 158 170 158
147 170 151 171
133 184 141 184
121 196 132 196
116 201 123 201
110 207 118 207
101 216 104 217
77 240 80 242
184 134 192 134
151 167 158 167
150 168 157 168
144 174 153 174
133 185 143 185
121 197 126 198
106 212 115 212
103 215 110 215
100 218 110 218
94 224 105 224
87 231 97 231
74 244 83 244
181 138 191 138
180 139 187 139
167 152 177 152
159 160 166 160
144 175 151 175
141 178 150 178
130 189 138 189
129 190 137 190
128 191 137 191
98 221 109 221
92 227 100 227
91 228 99 228
89 230 96 230
84 235 94 235
70 249 80 249
194 126 196 129
173 147 180 147
172 148 180 148
159 161 166 161
154 166 162 166
144 176 154 176
140 180 148 180
91 229 98 229
88 232 96 232
86 234 96 234
197 124 199 127
176 145 183 145
149 172 157 172
148 173 158 173
138 183 145 183
111 210 118 210
108 213 119 213
105 216 109 217
99 222 110 222
98 223 109 223
81 240 91 240
73 248 84 248
182 140 192 140
176 146 184 146
173 149 182 149
158 164 163 165
152 170 163 170
123 199 131 199
119 203 127 203
111 211 120 211
108 214 118 214
96 226 105 226
89 233 96 233
81 241 89 241
182 141 189 141
172 151 179 151
152 171 160 171
136 187 145 187
128 195 137 195
118 205 126 205
114 209 123 209
87 236 95 236
81 242 91 242
194 130 197 131
182 142 193 142
167 157 174 157
162 162 169 162
132 192 140 192
131 193 138 193
130 194 141 194
127 197 136 197
118 206 127 206
105 219 116 219
99 225 106 225
79 245 87 245
189 136 194 137
171 154 175 155
148 177 158 177
144 181 149 182
139 186 147 186
127 198 137 198
124 201 132 201
123 202 133 202
121 204 129 204
117 208 125 208
88 237 95 237
87 238 97 238
78 247 86 247
198 128 199 131
183 143 190 143
182 144 193 144
176 150 185 150
167 159 170 160
159 167 168 167
158 168 167 168
157 169 164 169
147 179 158 179
142 184 149 184
119 207 128 207
111 215 115 216
106 220 113 220
83 243 94 243
80 246 89 246
193 134 196 135
188 139 195 139
164 163 168 164
152 175 159 175
139 188 147 188
127 200 135 200
110 217 120 217
97 230 104 230
88 239 98 239
181 147 188 147
167 161 177 161
154 174 164 174
139 189 149 189
138 190 146 190
116 212 123 212
101 227 108 227
100 228 107 228
84 244 91 244
197 132 197 139
184 145 191 145
176 153 178 155
173 156 182 156
171 158 174 160
164 165 175 165
163 166 172 166
151 178 159 178
149 180 158 180
146 183 153 183
144 185 153 185
138 191 146 191
133 196 140 196
119 210 126 210
111 218 122 218
98 231 105 231
97 232 104 232
178 152 186 152
158 172 165 172
106 224 116 224
101 229 112 229
97 233 106 233
95 235 104 235
81 249 91 249
198 133 198 144
185 146 195 146
183 148 194 148
180 151 187 151
155 176 162 176
150 181 154 182
132 199 141 199
128 203 137 203
116 215 127 215
110 221 117 221
97 234 104 234
90 241 99 241
179 153 189 153
175 157 183 157
170 162 177 162
169 163 178 163
161 171 172 171
139 193 149 193
127 205 135 205
121 211 131 211
116 216 125 216
107 225 114 225
106 226 113 226
96 236 104 236
92 240 102 240
199 134 199 145
184 149 195 149
179 154 187 154
175 158 178 159
169 164 176 164
146 187 154 187
141 192 148 192
138 195 148 195
124 209 132 209
120 213 128 213
119 214 128 214
111 222 119 222
110 223 118 223
96 237 106 237
88 245 95 245
194 140 196 142
165 169 168 170
150 184 161 184
133 201 142 201
130 204 141 204
128 206 138 206
126 208 136 208
114 220 125 220
92 242 99 242
87 247 96 247
86 248 97 248
180 155 191 155
175 160 184 160
160 175 170 175
138 197 141 198
105 230 115 230
189 147 197 147
186 150 194 150
169 167 178 167
168 168 178 168
159 177 166 177
155 181 163 181
148 188 155 188
142 194 150 194
136 200 143 200
134 202 141 202
129 207 137 207
124 212 133 212
117 219 125 219
109 227 117 227
108 228 116 228
92 244 100 244
194 143 197 144
179 158 183 159
155 182 162 182
154 183 161 183
147 190 152 191
141 196 149 196
127 210 134 210
106 231 115 231
99 238 102 239
166 172 169 173
160 178 168 178
159 179 166 179
121 217 130 217
95 243 105 243
188 151 197 151
187 152 194 152
183 156 190 156
178 161 183 162
173 166 183 166
170 169 181 169
165 174 173 174
163 176 171 176
154 185 161 185
150 189 157 189
142 197 147 198
118 221 125 221
107 232 112 233
105 234 108 235
93 246 104 246
115 225 126 225
114 226 121 226
184 157 195 157
177 164 184 164
176 165 183 165
149 192 158 192
138 203 146 203
136 205 146 205
123 218 130 218
117 224 124 224
105 236 112 236
103 238 105 240
100 241 108 241
96 245 106 245
92 249 101 249
188 154 195 154
184 158 194 158
179 163 186 163
170 172 174 173
156 186 158 188
133 209 140 209
129 213 137 213
126 216 133 216
120 222 131 222
119 223 127 223
113 229 122 229
100 242 111 242
190 153 199 153
184 159 192 159
173 170 178 171
153 190 163 190
150 193 157 193
144 199 155 199
132 211 139 211
129 214 136 214
128 215 135 215
109 234 112 235
196 148 199 149
167 177 175 177
164 180 175 180
153 191 161 191
149 195 157 195
144 200 151 200
143 201 153 201
142 202 151 202
107 237 115 237
97 247 106 247
185 160 188 161
164 181 175 181
163 182 172 182
162 183 169 183
159 186 170 186
151 194 158 194
148 197 153 198
139 206 147 206
138 207 142 208
135 210 143 210
126 219 134 219
118 227 125 227
117 228 126 228
113 232 121 232
106 239 114 239
101 244 110 244
184 162 192 162
179 167 188 167
171 175 179 175
167 179 175 179
159 187 166 187
150 196 157 196
134 212 145 212
126 220 134 220
116 230 125 230
113 233 120 233
106 240 117 240
98 248 108 248
179 168 186 168
175 172 183 172
169 178 179 178
163 184 174 184
162 185 169 185
159 188 168 188
158 189 165 189
126 221 134 221
116 231 123 231
113 234 124 234
109 238 120 238
175 173 182 173
174 174 183 174
172 176 181 176
131 217 138 217
122 226 130 226
113 235 121 235
189 160 193 161
185 164 192 164
184 165 191 165
179 170 184 171
145 204 156 204
131 218 138 218
125 224 132 224
113 236 121 236
106 243 115 243
196 154 198 157
187 163 195 163
147 203 154 203
134 216 141 216
109 241 117 241
182 169 193 169
159 192 166 192
154 197 162 197
144 207 155 207
143 208 152 208
140 211 150 211
138 213 146 213
137 214 145 214
136 215 145 215
128 223 135 223
159 193 162 194
152 200 160 200
143 209 154 209
127 225 134 225
107 245 115 245
106 246 117 246
199 154 199 163
195 158 197 161
176 177 186 177
170 183 177 183
162 191 169 191
158 195 166 195
148 205 159 205
126 227 135 227
116 237 126 237
167 187 176 187
164 190 172 190
158 196 165 196
156 198 159 199
152 202 161 202
148 206 156 206
144 210 154 210
135 219 143 219
122 232 130 232
121 233 131 233
115 239 124 239
112 242 119 242
107 247 116 247
189 166 192 168
185 170 193 170
176 179 183 179
173 182 181 182
170 185 179 185
166 189 175 189
135 220 143 220
127 228 134 228
124 231 135 231
111 244 119 244
198 158 198 165
185 171 196 171
184 172 186 174
176 180 184 180
163 193 171 193
139 217 149 217
135 221 146 221
134 222 145 222
127 229 138 229
126 230 137 230
193 164 197 165
182 175 193 175
176 181 183 181
171 186 178 186
169 188 176 188
163 194 170 194
156 201 167 201
139 218 147 218
133 224 144 224
131 226 139 226
122 235 130 235
109 248 117 248
108 249 119 249
182 176 190 176
180 178 191 178
160 198 164 199
155 203 163 203
146 212 157 212
142 216 152 216
118 240 123 241
187 172 196 172
175 184 186 184
125 234 133 234
123 236 134 236
121 238 130 238
116 243 124 243
194 166 197 168
163 197 172 197
147 213 150 214
137 223 148 223
135 225 142 225
188 173 199 173
187 174 196 174
178 183 185 183
170 191 178 191
161 200 172 200
157 204 166 204
153 208 160 208
146 215 155 215
116 245 123 245
167 195 177 195
151 211 160 211
120 242 127 242
194 169 198 170
184 179 192 179
173 190 183 190
167 196 178 196
165 198 176 198
157 206 166 206
156 207 165 207
144 219 155 219
136 227 143 227
135 228 146 228
187 177 194 177
182 182 190 182
177 187 185 187
172 192 177 193
165 199 172 199
162 202 169 202
155 209 166 209
151 213 162 213
144 220 154 220
132 232 136 233
125 239 134 239
124 240 133 240
120 244 127 244
118 246 129 246
117 247 125 247
185 180 193 180
184 181 191 181
180 185 188 185
179 186 186 186
177 188 187 188
176 189 185 189
171 194 179 194
160 205 167 205
155 210 164 210
151 214 159 214
124 241 133 241
148 218 155 218
131 235 141 235
118 248 128 248
164 203 171 203
151 217 162 217
147 221 154 221
146 222 154 222
143 225 150 225
142 226 153 226
139 229 149 229
138 230 145 230
137 231 142 232
134 234 142 234
125 243 134 243
194 175 197 176
186 183 195 183
168 201 177 201
153 216 161 216
145 224 155 224
132 237 137 238
124 245 134 245
120 249 127 249
192 178 199 178
179 191 187 191
178 192 187 192
137 233 147 233
128 242 138 242
187 184 196 184
178 193 186 193
167 204 175 204
156 215 163 215
144 227 153 227
135 236 145 236
173 199 182 199
170 202 177 202
161 211 170 211
194 179 197 180
192 181 199 181
191 182 199 182
187 186 194 186
186 187 197 187
178 195 185 195
173 200 180 200
168 205 176 205
167 206 177 206
166 207 176 207
126 247 135 247
189 185 197 185
184 190 194 190
177 197 182 198
160 214 167 214
156 218 163 218
135 239 142 239
134 240 141 240
186 189 195 189
179 196 186 196
167 208 170 209
165 210 172 210
156 219 163 219
155 220 163 220
147 228 155 228
143 232 150 232
138 237 149 237
134 241 142 241
131 244 142 244
188 188 196 188
163 213 170 213
155 221 164 221
151 225 159 225
146 230 156 230
130 246 138 246
155 222 162 222
154 223 165 223
143 234 151 234
142 235 152 235
129 248 133 249
166 212 177 212
162 216 172 216
188 191 191 193
178 201 186 201
176 203 181 204
171 208 182 208
164 215 173 215
150 229 158 229
148 231 159 231
187 193 187 202
183 197 186 198
171 209 180 209
163 217 170 217
156 224 165 224
154 226 161 226
198 183 199 186
154 227 163 227
148 233 156 233
143 238 146 239
139 242 147 242
188 194 193 195
183 199 186 200
177 205 185 205
171 211 179 211
168 214 177 214
164 218 175 218
192 191 194 193
164 219 171 219
151 232 160 232
143 240 154 240
136 247 144 247
135 248 146 248
134 249 142 249
188 196 195 196
182 202 186 203
178 206 185 206
177 207 188 207
171 213 180 213
164 220 171 220
156 228 164 228
143 241 152 241
198 187 198 196
197 188 197 197
195 190 196 193
188 197 192 198
175 210 186 210
163 222 171 222
160 225 171 225
147 238 156 238
140 245 151 245
139 246 146 246
199 187 199 197
182 204 189 204
165 221 173 221
152 234 161 234
188 199 193 200
157 230 164 230
151 236 162 236
150 237 161 237
171 217 180 217
162 226 172 226
159 229 167 229
153 235 160 235
149 239 160 239
188 201 197 201
174 215 181 215
173 216 180 216
166 223 176 223
146 243 157 243
188 202 197 202
187 203 194 203
181 209 191 209
178 212 186 212
166 224 175 224
157 233 164 233
194 197 196 199
186 205 195 205
183 208 192 208
180 211 190 211
172 219 180 219
164 227 171 227
160 231 168 231
149 242 160 242
186 206 193 206
178 214 187 214
172 220 179 220
145 247 155 247
165 228 174 228
161 232 171 232
147 246 155 246
144 249 155 249
190 204 197 204
181 213 190 213
176 218 186 218
172 222 179 222
153 241 162 241
150 244 161 244
198 197 198 205
174 221 183 221
165 230 172 230
157 238 167 238
155 240 162 240
147 248 154 248
189 207 198 207
162 234 172 234
161 235 168 235
199 198 199 205
187 210 194 210
182 215 191 215
181 216 188 216
168 229 175 229
181 217 191 217
165 233 176 233
153 245 164 245
187 212 194 212
173 226 183 226
163 236 170 236
162 237 172 237
181 219 188 219
180 220 191 220
177 223 185 223
176 224 184 224
169 231 177 231
161 239 171 239
193 208 196 209
158 243 167 243
188 214 195 214
175 227 179 228
156 246 163 246
173 230 180 230
163 240 172 240
161 242 168 242
156 247 167 247
155 248 166 248
191 213 199 213
182 222 193 222
172 232 179 232
169 235 177 235
163 241 172 241
197 208 199 211
189 216 198 216
184 221 192 221
176 229 184 229
156 249 163 249
168 238 176 238
162 244 169 244
189 218 193 219
180 227 190 227
173 234 180 234
171 236 179 236
180 228 191 228
192 217 199 217
186 223 196 223
185 224 192 224
178 231 186 231
185 225 196 225
177 233 187 233
173 237 184 237
165 245 174 245
164 246 171 246
185 226 196 226
181 230 189 230
172 239 183 239
169 242 176 242
168 243 176 243
194 218 196 221
180 232 188 232
178 235 189 235
173 240 180 240
164 249 172 249
170 244 177 244
197 218 199 220
181 234 190 234
177 238 186 238
167 248 177 248
169 247 180 247
181 236 192 236
197 221 199 223
187 231 194 231
177 241 180 242
172 246 181 246
192 227 194 229
190 230 198 230
177 243 185 243
175 245 184 245
197 224 198 227
189 232 197 232
188 233 196 233
181 240 190 240
185 237 195 237
181 241 190 241
173 249 182 249
199 224 199 235
184 239 191 239
181 242 191 242
191 234 198 234
190 235 197 235
181 244 192 244
178 248 187 248
182 246 189 246
181 247 189 247
192 238 196 239
191 240 199 240
186 245 197 245
191 241 198 241
183 249 192 249
197 236 199 239
192 242 197 243
190 246 197 246
188 248 195 248
190 247 197 247
198 242 199 245
196 248 199 249